111

0111011118 111110111011011.

Lucu. 1

0111111.

1111.
001111.
CLXV.

00.
01111111.

0111111.
0101111.
01011.
0011111.
001111.

0111111.
011111.
011111.
0011.
01111.

011111.
01111.
01111111.
011.
0111.
01111.
0011.
001.
001111.
00111.
00111.
01111.
CLV.
01111.
011111.

001111.
001111.

numius·

0111101.

0111.
011111.
01111.
01111.
0111111.

0111111.
01111111.
01111111.
010111.
001111.

00111.
00111111.
001111.
ccxxxi.
0011111. ι

0011111.
0011111.
00111111.
001111111.
0011.

00111.
0011.

00111.
00110.
00111.

001111.
00111.
001111.
001111.
0011111.

00111.
0011111.

Explicit Canon quimus.

C
11101111 01001811105, LV 000 000.

menz.

111.
111.
11.
11.

01111.

umnam.

11.
1111.
11.
1111.
1111.

111111. 11111.
0. 101111.
011111. 111.
0111. 11.
0111111. 111.

ctu. vam.
cuv. Lxxn.
cun. Lxxu.
Lxxm. ⁰
Lxxw.

011111. 1111111.
0111. 1111.

01111. 111111.
0111111. 111111.
01111. 0

CLXXXIX. 0111.
0011. 01111.
00111. CXX.
CCXV. 01111.
001111. 01111.

001111. CXL.
0011111. 01111.
001. 0111.
00111. 011111.
00111. 01111.

558

mous.

0111.
01111.
01111.
01111. .
01111.

01111.
01111.
0111111.
011111.
CLXXXV.

010.
01011.
001111.
001111.
00111.

001111.
001111.

Explicit Canon sextus.

1111111800.

0011.
(1011111.
001111.
00111111.
00111111.

0011111111.
0010.
001011.
00101111.
0001.

00011.
00011.
000111.
CCCXXXVII.
000111.

00011111.
0001.

111011110111011 SEPVLLIVS, VN 0110 000.

smum.

1111111.
111.
11111.
111. 11111.
011. 111111.

CLXXXV. CCXV.
00111. 01.

Explica Canon septimus.

numus.
Lx.
111.

ιΝειΡιτ camon οοτΑνυε, m ouo nuo.

10018. nucu&

111.

111.

111.

111111.
· 1111.

111111.

11111.
111.
11111.
11111.
111111.

111111.
111111. 111.

101. 111. ’
C. LXXV.
0111. 10111.

0011111. 011111.
00111111. 00111.
0001111. 00111.
00011. 0011111.

Explicit Canon octavus.

100111101101111011118,11 Quo 000.

10110118.

00111.
001111.
01111.
01111.
0011111.

001111.
001111.
0111111.
CLXXXVI.
CXC.
0111111.
CLXXXVI.

CXC.
0111111.
0111111.

111018.

XXX.
XXX.
001111.
001111.
0011111.

0011111.
011111.

000111.
000111.

000111.

000111.
000111.
000111.
000111.
000111.

 

